0,172,0,251120,0,0,0,0,0,0,444,400,0,0,0,0,0
1,171,0,249660,0,0,0,0,0,0,447,403,0,0,0,0,0
2,171,0,249660,0,0,0,0,0,0,434,390,0,0,0,0,0
3,171,0,249660,0,0,0,0,0,0,426,382,0,0,0,0,0
4,172,0,251120,0,0,0,0,0,0,409,365,0,0,0,0,0
5,171,0,249660,0,0,0,0,0,0,391,347,0,0,0,0,0
6,171,110,249660,160600,1.2848,0.643275,0.643275,8401,0,392,348,0,0,0,0,0
7,171,184,249660,268640,2.14912,1.07602,1,7147,0,374,330,0,0,0,0,0
8,172,169,251120,246740,1.97392,0.982558,0.982558,5139,0,385,341,0,0,0,0,0
9,171,172,249660,251120,2.00896,1.00585,1,5138,0,388,345,0,0,0,0,0
10,171,170,249660,248200,1.9856,0.994152,0.994152,4351,0,381,337,0,0,0,0,0
11,171,170,249660,248200,1.9856,0.994152,0.994152,5150,0,364,320,0,0,0,0,0
12,172,170,251120,248200,1.9856,0.988372,0.988372,2919,0,307,264,0,0,0,0,0
13,171,172,249660,251120,2.00896,1.00585,1,4173,0,339,295,0,0,0,0,0
14,171,171,249660,249660,1.99728,1,1,3078,0,325,282,0,0,0,0,0
15,171,171,249660,249660,1.99728,1,1,2142,0,282,242,0,0,0,0,0
16,171,171,249660,249660,1.99728,1,1,2433,0,287,251,0,0,0,0,0
17,172,171,251120,249660,1.99728,0.994186,0.994186,2634,0,335,296,0,0,0,0,0
18,171,170,249660,248200,1.9856,0.994152,0.994152,2523,0,321,279,0,0,0,0,0
19,171,170,249660,248200,1.9856,0.994152,0.994152,2573,0,342,306,0,0,0,0,0
20,171,171,249660,249660,1.99728,1,1,2713,0,346,304,0,0,0,0,0
21,172,52,251120,75920,0.60736,0.302326,0.302326,756,0,338,294,0,0,0,0,0
22,171,62,249660,90520,0.72416,0.362573,0.362573,75023,0,321,277,0,0,0,0,0
23,171,234,249660,341640,2.73312,1.36842,1,34965,0,350,319,0,0,0,0,0
24,171,171,249660,249660,1.99728,1,1,4789,0,391,348,0,0,0,0,0
25,172,157,251120,229220,1.83376,0.912791,0.912791,4694,0,369,332,0,0,0,0,0
26,171,185,249660,270100,2.1608,1.08187,1,5432,0,332,291,0,0,0,0,0
27,171,171,249660,249660,1.99728,1,1,3255,0,316,272,0,0,0,0,0
28,171,171,249660,249660,1.99728,1,1,2150,0,263,222,0,0,0,0,0
29,171,52,249660,75920,0.60736,0.304094,0.304094,608,0,310,270,0,0,0,0,0
30,172,70,251120,102200,0.8176,0.406977,0.406977,82979,0,315,271,0,0,0,0,0
31,171,209,249660,305140,2.44112,1.22222,1,22824,0,398,363,0,0,0,0,0
32,171,168,249660,245280,1.96224,0.982456,0.982456,4177,0,384,354,0,0,0,0,0
33,171,172,249660,251120,2.00896,1.00585,1,5887,0,359,325,0,0,0,0,0
34,172,176,251120,256960,2.05568,1.02326,1,7145,0,377,352,0,0,0,0,0
35,171,165,249660,240900,1.9272,0.964912,0.964912,4341,0,306,283,0,0,0,0,0
36,171,168,249660,245280,1.96224,0.982456,0.982456,3981,0,316,291,0,0,0,0,0
37,171,182,249660,265720,2.12576,1.06433,1,6558,0,365,338,0,0,0,0,0
38,172,162,251120,236520,1.89216,0.94186,0.94186,2827,0,323,283,0,0,0,0,0
39,171,171,249660,249660,1.99728,1,1,4842,0,324,291,0,0,0,0,0
40,171,186,249660,271560,2.17248,1.08772,1,3128,0,240,203,0,0,0,0,0
41,171,171,249660,249660,1.99728,1,1,1681,0,242,203,0,0,0,0,0
42,172,171,251120,249660,1.99728,0.994186,0.994186,1747,0,253,213,0,0,0,0,0
43,171,172,249660,251120,2.00896,1.00585,1,798,0,224,183,0,0,0,0,0
44,171,171,249660,249660,1.99728,1,1,890,0,249,206,0,0,0,0,0
45,171,164,249660,239440,1.91552,0.959064,0.959064,839,0,259,217,0,0,0,0,0
46,171,174,249660,254040,2.03232,1.01754,1,1348,0,270,226,0,0,0,0,0
47,172,172,251120,251120,2.00896,1,1,1570,0,264,221,0,0,0,0,0
48,171,166,249660,242360,1.93888,0.97076,0.97076,1161,0,247,204,0,0,0,0,0
49,171,172,249660,251120,2.00896,1.00585,1,2085,0,264,220,0,0,0,0,0
50,171,172,249660,251120,2.00896,1.00585,1,2322,0,276,232,0,0,0,0,0
51,172,172,251120,251120,2.00896,1,1,1880,0,273,233,0,0,0,0,0
52,171,171,249660,249660,1.99728,1,1,1760,0,254,220,0,0,0,0,0
53,171,172,249660,251120,2.00896,1.00585,1,1424,0,253,209,0,0,0,0,0
54,171,172,249660,251120,2.00896,1.00585,1,1301,0,250,214,0,0,0,0,0
55,172,176,251120,256960,2.05568,1.02326,1,1195,0,251,213,0,0,0,0,0
56,171,168,249660,245280,1.96224,0.982456,0.982456,912,0,233,193,0,0,0,0,0
57,171,171,249660,249660,1.99728,1,1,1757,0,281,250,0,0,0,0,0
58,171,172,249660,251120,2.00896,1.00585,1,1124,0,216,175,0,0,0,0,0
59,171,172,249660,251120,2.00896,1.00585,1,938,0,228,190,0,0,0,0,0
60,172,171,251120,249660,1.99728,0.994186,0.994186,903,0,190,152,0,0,0,0,0
61,171,172,249660,251120,2.00896,1.00585,1,1291,0,233,194,0,0,0,0,0
62,171,172,249660,251120,2.00896,1.00585,1,1238,0,243,206,0,0,0,0,0
63,171,171,249660,249660,1.99728,1,1,1173,0,254,210,0,0,0,0,0
64,172,172,251120,251120,2.00896,1,1,1496,0,280,236,0,0,0,0,0
65,171,171,249660,249660,1.99728,1,1,1527,0,294,251,0,0,0,0,0
66,171,171,249660,249660,1.99728,1,1,1767,0,285,241,0,0,0,0,0
67,171,171,249660,249660,1.99728,1,1,2412,0,347,305,0,0,0,0,0
68,172,172,251120,251120,2.00896,1,1,4427,0,399,363,0,0,0,0,0
69,171,171,249660,249660,1.99728,1,1,4709,0,413,371,0,0,0,0,0
70,171,168,249660,245280,1.96224,0.982456,0.982456,4792,0,433,393,0,0,0,0,0
71,171,169,249660,246740,1.97392,0.988304,0.988304,4882,0,412,377,0,0,0,0,0
72,171,170,249660,248200,1.9856,0.994152,0.994152,4263,0,394,355,0,0,0,0,0
73,172,170,251120,248200,1.9856,0.988372,0.988372,4032,0,395,355,0,0,0,0,0
74,171,167,249660,243820,1.95056,0.976608,0.976608,4162,0,394,359,0,0,0,0,0
75,171,168,249660,245280,1.96224,0.982456,0.982456,4304,0,391,347,0,0,0,0,0
76,171,169,249660,246740,1.97392,0.988304,0.988304,3380,0,360,321,0,0,0,0,0
77,172,172,251120,251120,2.00896,1,1,4352,0,373,333,0,0,0,0,0
78,171,171,249660,249660,1.99728,1,1,4878,0,359,323,0,0,0,0,0
79,171,171,249660,249660,1.99728,1,1,3849,0,311,269,0,0,0,0,0
80,171,169,249660,246740,1.97392,0.988304,0.988304,4463,0,349,308,0,0,0,0,0
81,172,171,251120,249660,1.99728,0.994186,0.994186,3883,0,354,310,0,0,0,0,0
82,171,171,249660,249660,1.99728,1,1,3613,0,303,259,0,0,0,0,0
83,171,171,249660,249660,1.99728,1,1,2275,0,293,249,0,0,0,0,0
84,171,171,249660,249660,1.99728,1,1,1692,0,314,274,0,0,0,0,0
85,172,171,251120,249660,1.99728,0.994186,0.994186,1168,0,272,228,0,0,0,0,0
86,171,172,249660,251120,2.00896,1.00585,1,1630,0,294,252,0,0,0,0,0
87,171,171,249660,249660,1.99728,1,1,1701,0,294,251,0,0,0,0,0
88,171,171,249660,249660,1.99728,1,1,1966,0,314,270,0,0,0,0,0
89,171,171,249660,249660,1.99728,1,1,3256,0,372,331,0,0,0,0,0
90,172,172,251120,251120,2.00896,1,1,2110,0,323,279,0,0,0,0,0
91,171,171,249660,249660,1.99728,1,1,2713,0,307,263,0,0,0,0,0
92,171,171,249660,249660,1.99728,1,1,2800,0,304,265,0,0,0,0,0
93,171,168,249660,245280,1.96224,0.982456,0.982456,3213,0,307,265,0,0,0,0,0
94,172,174,251120,254040,2.03232,1.01163,1,2960,0,260,226,0,0,0,0,0
95,171,172,249660,251120,2.00896,1.00585,1,2160,0,248,205,0,0,0,0,0
96,171,85,249660,124100,0.9928,0.497076,0.497076,1165,0,231,187,0,0,0,0,0
97,171,0,249660,0,0,0,0,0,0,224,181,0,0,0,0,0
98,172,0,251120,0,0,0,0,0,0,218,174,0,0,0,0,0
99,171,0,249660,0,0,0,0,0,0,235,191,0,0,0,0,0

